7342                          1766194.234     1460410.905    -5932273.338
7345                         -3957409.542     3310228.729     3737494.631
7346                         -3642142.525     2861496.618     4370361.557
7347                         -4490617.954     3483908.697     2884899.319
7348                         -3530219.871     4118797.382     3344015.537
7349                         -3586229.594     4114103.586     3290224.537
7354                         -3787518.551     3564247.194     3679796.955
7360                         -3957184.527     3310224.920     3737709.007
7361                         -3787123.669     3564181.746     3680274.811
7362                         -3857245.005     3108782.839     4003899.019
7365                         -3263995.373     4808056.391     2619948.642
7367                         -1281152.982     5640864.226     2682653.318
7368                         -3110080.210     4082066.628     3775076.796
7369                         -3959636.155     3296825.476     3747042.603
7374                         -3949990.991     2522421.248    -4311707.811
7375                         -4147354.839     4581542.347    -1573302.909
7376                         -2388896.397     5043350.051    -3078590.600
7377                         -5115324.551      477843.284    -3767192.659
7378                          5085490.791     2668161.590    -2768692.533
7379                         -2826708.639     4679237.043     3274667.527
7380                          2730173.567     1562442.860     5529969.181
7381                          3451207.405     3060375.479     4391915.072
7382                          -838201.219     3865751.568     4987670.881
7385                          2892584.761     1311715.674     5512640.213
7386                          4848761.790     -261484.087     4123085.127
7387                          4075627.580      931774.360     4801552.420
7389                          4848831.046     -261629.428     4122976.542
7547                          4934562.738     1321201.633     3806484.815
7593                          4075572.335      931755.484     4801584.572
7600                          3778214.446      698644.673     5074053.607
7601                          2890652.387     1310295.638     5513958.926
7602                          2102903.624      721603.026     5958201.528
7603                          3526416.448     -171421.230     5294098.779
7604                          4228876.835     -333103.797     4747181.215
7605                          4581697.354      556126.166     4389351.709
7607                          2988028.891      655957.272     5578669.505
7608                          4627949.745      119844.080     4372863.281
7609                          4552174.473    -2186664.348     3882780.028
7610                         -1995678.913    -5037317.692     3357327.991
7611                         -1449752.660    -4975298.572     3709123.819
7612                          -130872.582    -4762317.086     4226850.990
7613                         -1324009.394    -5332181.949     3231962.368
7614                         -2112065.286    -3705356.505     4726813.639
7615                          2607848.674    -5488069.484     1932739.800
7616                         -2409150.500    -4478573.082     3838617.319
7617                         -5464075.257    -2495247.771     2148297.536
7618                          1446374.780    -4447939.684     4322306.206
7621                         -1601147.730    -5041733.505     3555235.766
7625                          2612545.317    -3426878.786     4686756.269
7626                          1091444.531    -4351283.567     4518707.141
7630                          4213687.279      820422.870     4702784.208
7631                          3879831.783      987964.353     4948712.117
7632                          3653205.353      884427.322     5135731.375
7635                          2679650.223     -727916.094     5722807.698
7640                          1492051.285    -4887961.550    -3803541.559
7894                         -2196778.366    -4887337.298     3448425.210
9001                         -3680586.640     2917516.013     4300987.762
1181                          3800620.787      882005.809     5028859.784
1824                          3512988.861     2068968.974     4888817.357
1831                          3760674.731     1670776.728     4857165.979
1863                          1953262.120     4588920.465     3966841.190
1864                          1953285.241     4588974.028     3966767.791
1868                         -2948545.734     2774312.931     4912302.355
1873                          3783902.006     2551405.274     4441257.616
1874                          2844591.726     2161112.273     5266355.502
1879                           543405.585     3955302.293     4957821.004
1884                          3183895.438     1421497.314     5322803.797
1885                          3183891.895     1421466.077     5322814.002
1886                          3466773.206     3059758.012     4381456.924
1887                          2001873.135     3987633.452     4542477.750
1888                          2730138.759     1562328.865     5529998.735
1889                          3451135.821     3060335.330     4391970.398
1890                          -838300.198     3865738.862     4987640.865
1891                          -968340.320     3794415.100     5018178.100
1893                          3785944.200     2550780.949     4439461.466
1953                          1474547.144    -5811242.247     2168945.764
7035                         -2428823.417    -4799742.803     3417261.986
7046                         -1736003.549    -4425049.966     4241427.061
7062                         -2428821.946    -4799737.117     3417266.688
7080                         -1330021.339    -5328401.831     3236480.674
7082                         -1735997.721    -4425048.753     4241430.555
7086                         -1330125.686    -5328526.618     3236150.153
7090                         -2389007.925     5043329.518    -3078523.798
7091                          1492453.191    -4457278.834     4296816.154
7097                         -1884982.377    -5357608.701    -2892853.623
7105                          1130719.313    -4831350.582     3994106.593
7109                         -2517235.296    -4198556.014     4076569.539
7110                         -2386278.889    -4802353.588     3444881.909
7112                         -1240678.619    -4720463.343     4094480.382
7114                         -2410422.295    -4477802.699     3838686.711
7119                         -5466065.667    -2404337.505     2242108.661
7121                         -5345866.696    -2958245.478    -1824622.995
7122                         -1660089.597    -5619100.622     2511637.420
7123                         -5345868.165    -2958246.265    -1824623.513
7124                         -5246407.642    -3077283.870    -1913813.481
7125                          1130745.351    -4831368.036     3994077.201
7130                          1130734.898    -4831324.642     3994132.438
7210                         -5466006.890    -2404426.092     2242188.444
7220                         -2386293.182    -4802346.689     3444881.342
7231                         -2279714.816     5004767.373     3219793.713
