7236                         -2266556.340     5009079.081     3222265.587
7237                         -2674387.304     3757189.083     4391508.181
7249                         -2148761.021     4426759.494     4044509.529
7265                         -2356476.153    -4646618.267     3668424.611
7288                         -2356494.505    -4646607.624     3668426.502
7295                           961318.745    -5674090.972     2740489.616
7307                         -3268750.640     4807232.549     2615634.460
7308                         -3942020.626     3368097.277     3702191.151
7328                         -3941941.512     3368169.365     3702195.637
7335                         -3997484.361     3276846.805     3724296.482
7337                         -3976161.525     3377950.469     3656687.267
7339                         -4000954.896     3375310.092     3632201.192
7355                           184591.570     4606751.238     4393756.535
7356                          -100537.076     5550600.113     3137037.914
7357                         -2148782.064     4426678.107     4044571.430
7358                         -3607651.961     4147873.796     3223722.609
7359                         -3120073.426     4084621.836     3763990.583
7394                         -3110108.284     4082170.384     3774911.853
7400                          1769700.559    -5044614.533    -3468259.026
7401                          1815517.899    -5213464.801    -3187998.732
7403                          1942807.652    -5804069.797    -1796915.632
7404                          1769715.003    -5044610.527    -3468259.898
7405                          1492030.084    -4887946.607    -3803566.149
7406                          1984104.445    -5068867.269    -3314482.426
7407                          4119502.120    -4553595.218    -1722855.182
7410                           918212.390    -4346067.536     4561957.614
7411                           749863.481    -3709311.185     5116946.159
7501                          5085401.090     2668330.498    -2768688.520
7502                          5041540.270     1915351.936    -3396938.620
7505                          4319398.524     1868697.996     4292026.299
7510                          4353444.281     2082666.870     4156506.996
7512                          4573399.879     2409322.721     3723881.441
7515                          4595216.208     2039435.563     3912629.105
7517                          4728694.790     2174373.683     3674572.659
7520                          4596042.187     1733477.286     4055721.221
7525                          4745949.626     1905706.108     3799168.855
7530                          4443965.359     3121945.581     3334694.065
7540                          4641984.015     1393058.318     4133233.927
7541                          4641989.736     1393042.876     4133232.331
7542                          4399363.384      910506.795     4512941.284
7543                          4934528.317     1321133.753     3806522.594
7544                          5072831.451     1130886.959     3684837.567
7545                          4893397.700      772673.896     4004141.392
7546                          4461400.595      919566.962     4449510.656
7548                          4893346.991      772583.381     4004255.438
7550                          4336738.422     1071272.124     4537911.294
7560                          3183913.637     1421473.810     5322796.786
7561                          3783746.102     2551363.084     4441445.300
7575                          3848634.887     3251760.899     3898909.512
7580                          4247620.051     2778639.047     3851607.826
7585                          4029730.159     2802092.933     4062068.360
7587                          4117361.522     2517077.227     4157679.435
7589                          4121934.729     2652189.791     4069035.501
7596                          4075582.090      931837.695     4801560.234
7597                          4075601.564      931826.912     4801548.029
7805                          2892595.042     1311808.150     5512611.220
7806                          2892606.809     1311813.417     5512598.953
7810                          4331283.368      567550.130     4633140.510
7811                          3738332.438     1148246.813     5021816.198
7820                         -1281276.359     5640727.155     2682925.541
7821                         -2830744.850     4676580.119     3275072.687
7822                         -5246415.796    -3077274.152    -1913807.332
7823                          5105602.851     -555206.459     3769654.784
7824                          5105473.783     -555110.337     3769893.099
7825                         -4467065.081     2683034.892    -3667006.939
7827                          4075530.996      931781.927     4801620.007
7830                          4744553.156     2119414.249     3686244.549
7831                          4728283.032     2879670.759     3156894.994
7832                          3992100.357     4192172.786     2670411.276
7833                          3899223.789      396743.279     5015074.144
7834                          4075529.562      931781.786     4801618.558
7835                          4581691.339      556159.943     4389359.739
7836                          3800639.324      881982.380     5028831.877
7837                         -2831088.723     4676203.065     3275172.571
7838                         -3822388.321     3699363.651     3507573.077
7839                          4194426.155     1162694.415     4647246.878
7840                          4033463.434       23662.841     4924305.388
7841                          3800431.959      881692.304     5029030.248
7843                         -4446477.883     2678127.011    -3696250.241
7845                          4581691.887      556196.431     4389355.323
7847                         -2389018.990     5043337.181    -3078504.976
7848                          4696991.696      724001.946     4239671.781
7849                         -4467064.416     2683034.489    -3667006.387
7850                         -1330008.465    -5328391.553     3236502.594
7853                         -2410421.432    -4477799.644     3838689.498
7882                         -1997243.066    -5528040.484     2468355.700
7883                         -2406127.733    -4898367.545     3290337.069
7884                         -1483443.031    -5019625.910     3635691.898
7886                         -2517242.898    -4198550.729     4076570.183
7894                         -2196778.366    -4887337.298     3448425.210
7907                          1942792.365    -5804077.582    -1796918.770
7918                          1130704.897    -4831345.450     3994116.051
7920                          1130741.492    -4831369.805     3994076.188
7939                          4641964.489     1393070.510     4133262.705
7941                          4641978.460     1393067.882     4133249.744
8833                          3899237.379      396769.622     5015055.470
8834                          4075576.520      931785.822     4801583.790
