1311                         -5543846.257    -2054562.300     2387814.800
1404                          1769693.600    -5044504.685    -3468434.707
1513                         -2351129.521    -4655476.913     3660956.833
1515                         -2353539.187    -4641649.334     3676669.920
1516                         -2351112.910    -4655530.557     3660912.668
1543                         -4460895.431     2682361.517    -3674747.327
1545                         -4460936.173     2682765.712    -3674380.215
1561                          4849245.039     -360277.744     4114884.886
1563                          4849093.069     -360180.235     4115109.928
1565                          4849336.524     -360488.377     4114749.136
1567                          4849339.517     -360427.393     4114750.925
1856                         -3997892.279     3276581.409     3724118.076
1857                         -3997650.148     3276689.970     3724278.446
4968                         -6143535.860     1363999.297     1034708.199
7038                         -1204438.942    -4239211.096     4596266.059
7102                          1130686.186    -4831353.046     3994110.972
7108                          1130794.204    -4831232.876     3994216.260
7120                         -5466010.758    -2404403.371     2242215.422
7201                           961255.126    -5674092.601     2740533.857
7202                         -4554232.729     2816758.887    -3454034.803
7203                          4033947.168      486990.876     4900431.036
7204                           882879.580    -4924482.330     3944130.738
7205                          1492404.397    -4457266.543     4296881.853
7207                         -2409601.245    -4478349.376     3838603.135
7208                           883772.440    -4924385.612     3944042.547
7209                          1492206.256    -4458130.538     4296015.621
7213                          3370605.721      711917.795     5349830.957
7214                           882325.254    -4925138.016     3943397.738
7215                          4008313.404     -100648.176     4943794.184
7216                         -1324211.267    -5332023.129     3232118.256
7217                          1106628.970    -4882907.148     3938086.970
7218                         -2523970.432    -4123506.167     4147752.397
7219                           961257.847    -5674090.052     2740533.867
7221                         -2517231.419    -4198594.951     4076531.069
7222                         -2356171.392    -4646755.711     3668470.509
7223                         -2678095.612    -4525449.962     3597410.825
7224                          4075539.539      931735.625     4801629.579
7225                         -2281547.827    -1453645.257     5756992.984
7226                         -2847699.046     4659872.445     3283958.356
7227                         -2831687.560     4675733.420     3275327.444
7228                           453520.689    -5300506.770     3507207.433
7229                         -2295348.196    -3638029.041     4693407.678
7230                          4461369.595      919597.223     4449559.444
7232                          5085442.754     2668263.892    -2768696.662
7234                         -1640954.011    -5014816.020     3575411.768
7239                          1838234.926    -5258697.155    -3100595.333
7241                         -2699840.903    -4359125.800     3781051.386
7242                         -3950237.562     2522347.720    -4311561.658
7243                          4641938.367     1393003.421     4133325.848
7244                         -3871169.598     3428275.547     3723698.720
7245                          1525833.468    -2432463.798    -5676174.732
7246                         -3855355.805     3427427.186     3740971.243
7247                         -3059725.029     3427256.791     4409485.517
7248                           883555.241    -4924490.909     3943962.017
7251                         -2732333.916    -4217634.316     3914491.855
7252                         -2707705.368    -4257608.756     3888374.236
7254                         -2464071.268    -4649424.791     3593905.786
7255                         -2554477.717    -4608626.977     3582138.935
7256                         -2369636.604    -4761324.459     3511116.342
7258                         -1240708.563    -4720454.390     4094481.459
7259                         -2448247.138    -4426737.523     3875435.377
7261                         -1923993.143    -4850854.758     3658589.233
7263                         -2493306.816    -4655196.882     3565519.595
7266                         -2697027.407    -4354391.994     3788077.954
7267                         -2336821.378    -4732589.249     3570332.051
7268                         -2525453.548    -4670034.690     3522887.042
7269                         -2306307.448    -4787914.309     3515736.164
7270                         -2335601.021    -4832244.282     3434392.586
7271                          -737793.736    -5459892.279     3202990.495
7274                         -2386290.352    -4802345.694     3444884.270
7277                         -2529744.779    -1942090.664     5505028.669
7278                         -3026940.764    -1575911.671     5370362.462
7279                         -2658151.132     -693822.135     5737236.446
7280                         -3425462.281    -1214668.946     5223857.692
7281                         -2419994.119    -1664228.738     5643537.776
7282                           918034.400    -4346132.347     4561971.250
7283                         -2058840.834    -3621286.460     4814420.607
7284                         -2215212.856    -2209260.288     5540290.160
7285                         -1224125.092    -2689530.792     5633555.372
7286                         -2077236.737    -4486712.537     4018753.366
7289                         -2341311.844    -3539083.021     4745768.265
7290                         -1631473.738    -4589129.226     4106759.922
7291                           302384.527    -4941699.066     4007908.477
7292                          -522231.515    -5145676.882     3720152.361
7294                          2307213.960    -4874212.801     3394320.376
7296                         -1224400.012    -2689273.357     5633620.276
7297                          4985369.989    -3955020.406     -428472.019
7298                         -5543837.821    -2054566.515     2387852.629
7310                         -5227445.546     2551380.923     2607605.523
7314                         -3862411.825     3105015.224     4001944.763
7324                         -3857236.938     3108802.671     4003882.661
7326                         -3786460.689     4320156.000     2762038.868
7327                         -3941937.895     3368150.569     3702235.327
7330                           228310.040     4631922.743     4367064.082
7331                          1202462.446      252734.559     6237766.261
7332                          3785230.617     2551207.753     4439796.588
7333                          4848780.171     -261701.670     4123036.082
7334                         -3997506.572     3276877.627     3724240.307
7336                         -3976129.400     3377927.897     3656753.835
7338                         -4000982.667     3375275.943     3632213.127
